version https://git-lfs.github.com/spec/v1
oid sha256:09c6002cf361df68fc98cf8f77e23f72259142a3890838cccde47818b565d454
size 10725
